1 01 0 101 0100 2 1001 10 111 111 0101 000 011 1 111 2 0101 000 00 1001 101 000 00 11 111 1 011 2 111 100 11 0 0101 1111 11 01 001 2 0 000 2 111 1 0101 110 101 11 0 0100 2 0010 110 1 111 0 11 000 01 2 0111 10 0101 010 110 1001 101010 10 0101 0101 1 1011 1 101 10 0 11 01 001 2 0101 000 00 0111 11 01 10 0 11 000 01 2 0101 1111 1 0101 010 11 01 001 101010
1 1011 1 1110 1 01 2 1001 11 01 001 111 2 10 01 10 1011 0100 0011 1 011 2 011 1 0 1 101 00 11 01 11 01 001 2 1001 1011 10 11 01 0 1 0110 0 101010
0 1 111 0 11 01 001 2 1 0110 0 1 101 01 10 1011 2 11 00 1001 110 0 111 101010
1 101 101 000 101 2 0101 000 01 0 11 01 110 11 01 001 2 111 1 10 101 0101 1111 2 0111 110 0 2 01 000 2 1 0110 0 1 101 01 10 1011 2 11 01 1001 110 0 111 2 1101 000 101 2 1001 1011 10 11 01 0 1 0110 0 2 1101 000 110 01 011 101010
1011 11 00 11 0 11 01 001 2 1110 101 2 10 0101 0101 1 111 111 2 0 000 2 0 1 0110 0 2 0111 10 111 1 011 2 11 01 0 1 101 10 0101 0 11 000 01 101010
10 0101 0 11 1110 10 0 11 01 001 2 1 00 1 101 001 1 01 0101 0100 2 011 110 1 1011 2 1001 101 000 0 000 0101 000 1011 111 101010
101 1 1011 1 10 111 11 01 001 2 0 11 00 1 2 1011 000 0101 010 2 000 01 2 1110 11 101 0 110 10 1011 2 00 2 1001 101 000 001 101 10 00 101010 


101 1 1011 1 10 111 11 01 001 2 
0 11 00 1 2 
1011 000 0101 010 2 
000 01 2 
1110 11 101 0 110 10 1011 2 
00 2 
1001 101 000 001 101 10 00 101010