33	738
909	964
723	681
588	841
18	214
870	195
478	383
873	882
491	966
461	670
705	856
360	458
50	519
869	304
214	311
187	524
353	387
447	609
993	551
229	242
54	971
566	675
267	411
810	9
868	676
89	445
155	148
272	633
799	530
108	587
728	331
381	713
904	350
891	500
70	766
769	504
982	890
846	509
995	64
705	466
865	449
47	796
633	908
167	166
361	648
140	800
926	27
603	967
669	473
920	50
378	72
829	560
840	376
963	190
591	537
151	652
550	928
133	305
215	113
973	538
950	185
962	358
216	326
441	712
520	103
361	415
880	585
947	869
779	614
171	226
349	114
891	90
272	322
389	929
731	987
766	39
679	63
822	25
103	623
702	65
899	905
979	917
164	421
948	25
833	903
308	123
931	519
2	982
886	206
81	200
419	909
849	606
987	450
54	242
302	560
624	672
488	547
355	72
300	711
613	626
6 8
8 9
100 101